n=100
3.344058990478516
4.549980163574219
3.611087799072266
n=200
17.17209815979004
17.82608032226562
17.36116409301758
n=300
47.27697372436523
50.57001113891602
49.56698417663574
n=400
110.0602149963379
109.0378761291504
113.4510040283203
n=500
208.7748050689697
207.7219486236572
210.4141712188721
n=600
359.1110706329346
359.7419261932373
365.3919696807861
n=700
592.7190780639648
576.8749713897705
578.5648822784424
n=800
862.6580238342285
890.1879787445068
970.6408977508545
n=900
1342.310905456543
1337.055921554565
1233.985900878906
n=1000
1684.855222702026
1811.800003051758
1702.282905578613
n=1100
2480.978012084961
2265.771865844727
2247.094869613647
n=1200
2926.697015762329
2921.171188354492
3000.503778457642
n=1300
3732.455968856812
3697.013139724731
3691.221952438354
n=1400
4844.214916229248
4806.463956832886
4870.56303024292
n=1500
5958.214044570923
5982.962131500244
6087.234973907471
n=1600
7732.010126113892
8078.335046768188
7452.655076980591
n=1700
8576.454877853394
8560.405969619751
8521.768093109131
n=1800
9987.498044967651
10885.65611839294
10590.8100605011
n=1900
11934.22102928162
11777.51088142395
11829.69403266907
n=2000
14017.4720287323
13732.89895057678
13740.13900756836
n=2100
15612.42294311523
15628.66902351379
15825.49500465393
n=2200
18282.44185447693
18216.36390686035
18314.64719772339
n=2300
20687.46590614319
20971.15206718445
21692.39497184753
n=2400
24532.64904022217
23485.79382896423
24474.74002838135
n=2500
26934.15307998657
27546.35190963745
28277.13990211487
n=2600
30035.49814224243
30365.35501480103
30498.73018264771
n=2700
33857.15794563293
34870.04590034485
35634.99593734741
n=2800
44748.91209602356
42171.44393920898
40901.41797065735
n=2900
44143.01991462708
44078.43899726868
44086.93504333496
n=3000
47576.56097412109
46547.90186882019
47702.69799232483
